4294967278,411
4294967278,400
4294967278,309
4294967278,308
4294967278,62
4294967278,61
4294967278,379
4294967278,60
4294967278,59
4294967278,58
4294967278,57
4294967278,56
4294967278,342
4294967278,55
4294967278,54
4294967278,53
4294967278,52
4294967278,51
4294967278,303
4294967278,50
4294967278,49
4294967278,48
4294967278,47
4294967278,377
4294967278,46
4294967278,376
4294967278,45
4294967278,298
4294967278,44
4294967278,394
4294967278,42
4294967278,40
4294967278,39
4294967278,38
4294967278,37
4294967278,36
4294967278,35
4294967278,34
4294967278,33
4294967278,31
4294967278,30
4294967278,29
4294967278,28
4294967278,27
4294967278,26
4294967278,25
4294967278,24
4294967278,23
4294967278,22
4294967278,21
4294967278,375
4294967278,20
4294967278,19
4294967278,384
4294967278,18
4294967278,286
4294967278,17
4294967278,16
4294967278,15
4294967278,14
4294967278,13
4294967278,404
4294967278,12
4294967278,11
4294967278,10
4294967278,9
4294967278,398
4294967278,8
4294967278,397
4294967278,7
4294967278,6
4294967278,5
4294967278,259
4294967278,4
4294967279,132
4294967279,131
4294967279,130
4294967279,129
4294967279,128
4294967279,127
4294967279,126
4294967279,251
4294967279,125
4294967279,124
4294967279,312
4294967279,123
4294967279,122
4294967279,121
4294967279,120
4294967279,119
4294967279,118
4294967279,117
4294967279,116
4294967279,115
4294967279,114
4294967279,113
4294967279,83
4294967279,82
4294967279,81
4294967279,79
4294967279,78
4294967279,75
4294967279,74
4294967279,73
4294967279,72
4294967279,340
4294967279,71
4294967279,70
4294967279,69
4294967279,67
4294967279,66
4294967279,65
4294967279,62
4294967279,59
4294967279,57
4294967279,56
4294967279,55
4294967279,54
4294967279,53
4294967279,260
4294967279,48
4294967279,47
4294967279,44
4294967279,42
4294967279,41
4294967279,40
4294967279,39
4294967279,38
4294967279,37
4294967279,36
4294967279,30
4294967279,29
4294967279,28
4294967279,26
4294967279,25
4294967279,23
4294967279,22
4294967279,21
4294967279,20
4294967279,15
4294967279,14
4294967279,276
4294967279,11
4294967279,9
4294967279,321
4294967278,159
4294967279,291
4294967279,158
4294967279,45
4294967279,156
4294967278,43
4294967278,155
4294967278,340
4294967279,43
4294967279,534
4294967279,153
4294967278,431
4294967278,41
4294967278,339
4294967279,152
4294967279,541
4294967278,152
4294967279,151
4294967279,150
4294967278,150
4294967278,147
4294967279,149
315,6
4294967278,149
315,5
315,4
4294967278,148
315,3
315,2
315,1
4294967279,147
4294967279,368
4294967278,352
4294967294,1414
4294967294,1014
4294967294,162
4294967279,33
4294967279,328
4294967278,32
4294967278,406
4294967278,143
4294967279,521
4294967278,337
4294967279,141
4294967278,141
4294967278,140
4294967278,291
4294967279,367
4294967279,138
4294967278,388
4294967279,272
4294967279,135
4294967279,134
4294967279,133
4294967279,366
4294967278,374
4294967279,267
4294967279,17
4294967279,517
4294967278,272
4294967279,277
4294967279,264
4294967279,261
312,6
4294967279,263
312,5
312,4
4294967279,262
312,3
312,2
312,1
4294967278,264
4294967279,256
4294967278,425
4294967279,255
4294967279,254
4294967279,253
4294967278,258
4294967278,257
4294967279,365
4294967278,331
4294967278,327
4294967278,326
4294967278,389
4294967278,369
4294967294,392
4294967294,114
4294967278,386
4294967278,300
4294967278,251
4294967278,248
4294967278,244
4294967278,238
4294967294,1418
309,6
4294967278,242
309,5
309,4
4294967278,240
309,3
309,2
309,1
4294967278,373
4294967279,364
4294967278,415
4294967278,409
4294967278,232
4294967294,1100
4294967294,1094
4294967278,230
4294967278,231
4294967278,228
4294967278,226
4294967278,220
4294967278,222
4294967278,372
4294967278,218
4294967279,331
4294967278,214
4294967278,213
4294967278,321
4294967279,363
4294967279,211
4294967278,382
4294967279,210
4294967278,209
4294967294,396
4294967294,408
4294967294,397
4294967294,400
4294967294,1417
4294967294,420
4294967294,406
4294967294,385
4294967294,167
4294967294,183
4294967294,398
4294967294,455
4294967294,465
4294967294,463
4294967294,390
4294967294,112
4294967278,368
4294967278,207
4294967278,206
4294967278,363
4294967279,308
4294967278,205
306,6
306,5
4294967278,204
306,4
306,3
306,2
306,1
4294967279,274
4294967278,203
4294967279,570
4294967278,430
4294967279,549
4294967278,200
4294967278,199
4294967279,199
4294967278,198
4294967279,569
4294967278,195
4294967279,193
4294967279,195
4294967278,194
4294967279,194
4294967279,334
4294967278,193
4294967279,192
4294967278,191
4294967279,191
4294967278,190
4294967278,403
4294967279,190
4294967278,189
4294967279,189
4294967278,186
4294967278,185
4294967278,184
4294967278,424
4294967279,183
4294967279,182
4294967279,301
4294967278,380
4294967279,181
303,6
4294967278,180
303,5
4294967279,180
303,4
4294967278,179
303,3
303,2
303,1
4294967278,429
4294967279,179
4294967279,362
4294967278,410
4294967279,176
4294967279,175
4294967294,1420
4294967279,61
4294967279,173
4294967279,526
4294967279,172
4294967279,170
4294967278,169
4294967279,169
4294967279,168
4294967279,166
4294967279,165
4294967279,338
4294967279,164
4294967279,50
4294967279,294
4294967279,293
300,5
4294967279,160
300,4
300,3
300,2
300,1
4294967279,336
299,5
299,4
299,3
299,2
299,1
4294967279,289
4294967279,538
4294967278,260
4294967279,288
4294967278,390
4294967279,145
4294967279,144
298,5
298,4
298,3
298,2
